Ebt :900.000000
Profit:999.000000